#define EFFSOURCE_PQ_NSER 24
static const double effsource_pk_ser[EFFSOURCE_PQ_NSER] = {
  1.3862943611198906188344642,
  0.096573590279972654708616061,
  0.030885144532484618273596534,
  0.014937600369780984912219815,
  0.0087663121971760665734182962,
  0.0057548876844001139244688199,
  0.0040646585499939759365328278,
  0.0030225465503440763496124893,
  0.0023351571703480847013500882,
  0.0018580702734561832841208819,
  0.0015135115737195792363697337,
  0.0012565911382975057151028594,
  0.0010599297067854518039883638,
  0.00090605962449273640225543286,
  0.00078341184444331734633492011,
  0.00068407788767568759869303463,
  0.00060250319343517162841811827,
  0.00053469388084383163545427479,
  0.00047771869488793861634328045,
  0.00042938696968361928420599261,
  0.0003880349504731750388468176,
  0.00035238072575237827920169004,
  0.00032142370171640571553161625,
  0.00029437364853540258111821825};
static const double effsource_qk_ser[EFFSOURCE_PQ_NSER] = {
  0.5,
  0.125,
  0.0703125,
  0.048828125,
  0.037384033203125,
  0.03028106689453125,
  0.025444507598876953125,
  0.02193939685821533203125,
  0.01928267301991581916809082,
  0.017199668218381702899932861,
  0.015522700567089486867189407,
  0.014143617665467900224030018,
  0.012989537751792568087694235,
  0.012009557832648454223090084,
  0.011167050586735616235500856,
  0.010434988381605170282284689,
  0.0097929920260962584387456897,
  0.0092254051180093645672958963,
  0.0087200009795999009220196551,
  0.0082670923414627869544632325,
  0.0078589046571030618485866104,
  0.0074891262633731558772528867,
  0.0071525797835624820335953448,
  0.006844978290034983987727114};
static const double effsource_pe_ser[EFFSOURCE_PQ_NSER] = {
  1.0,
  0.44314718055994530941723212,
  0.056805192709979491031462046,
  0.021831370443737181894663778,
  0.011544521417308361798192338,
  0.0071420003133959599160764665,
  0.0048547433371649481807630849,
  0.0035146879637813760928519115,
  0.0026622358529927642962675681,
  0.0020863973706379082724597079,
  0.0016791684186914656054151735,
  0.0013805722023228649451827235,
  0.0011551233906411238789734693,
  0.00098073259453692091185953844,
  0.0008430637250653211883404682,
  0.00073248244832468317648930976,
  0.00064231961700299976302629002,
  0.00056783961849660038945297346,
  0.00050560453674938976198903892,
  0.00045306958660196806976081233,
  0.00040831843001470031840776375,
  0.00036988570034047692358109222,
  0.00033663537220906683496647303,
  0.00030767575755474237574823013};
static const double effsource_qe_ser[EFFSOURCE_PQ_NSER] = {
  -2.7309252836805181197733045e-62,
  0.25,
  0.09375,
  0.05859375,
  0.042724609375,
  0.0336456298828125,
  0.0277576446533203125,
  0.0236270427703857421875,
  0.020568184554576873779296875,
  0.018211413407698273658752441,
  0.016339684807462617754936218,
  0.014817123268585419282317162,
  0.013554300262740071048028767,
  0.012489940145954392392013688,
  0.011580645052911009429408296,
  0.010794815567177762360984161,
  0.010108894994680008710963293,
  0.0095049628488581331905472871,
  0.0089691438647313266626487881,
  0.008490527269610429845124401,
  0.0080604150329262172806016517,
  0.0076717878795529889474297864,
  0.0073189188482964932436789575,
  0.0069970889187024280763432721};
